1 -0 0 0 0 1 -0 0 0 0 1 0
1 -5.20235e-05 -0.000317762 0.00424374 5.19398e-05 1 -0.000263612 0.0613036 0.000317776 0.000263595 1 0.0219068
0.986175 -0.165138 0.0137341 0.0458257 0.165108 0.98627 0.00329833 0.0437205 -0.0140902 -0.000985123 0.9999 0.0124842
0.979443 -0.195696 0.0489265 0.0421932 0.197228 0.979938 -0.0286977 0.0306988 -0.0423289 0.0377575 0.99839 0.0473204
0.972266 -0.232447 -0.0258188 0.00435828 0.232504 0.972595 -0.000793974 0.0240595 0.0252958 -0.00523103 0.999666 0.0879628
0.997703 -0.0652141 -0.0183396 -0.135758 0.0650535 0.997839 -0.00921926 -0.0555479 0.0189012 0.00800502 0.999789 0.211868
0.998576 0.0523288 0.0104082 -0.098582 -0.0517432 0.997396 -0.0502417 -0.113955 -0.0130102 0.0496316 0.998683 0.228829
0.99924 0.0136946 0.0364881 0.114325 -0.0131941 0.999816 -0.0139226 -0.326838 -0.036672 0.0134306 0.999237 0.326147
0.999726 0.0164778 -0.0166126 0.550211 -0.0165779 0.999845 -0.00590771 -0.390369 0.0165126 0.0061815 0.999845 0.272875
0.99546 -0.0205317 -0.0929352 1.01436 0.0194777 0.999735 -0.0122348 -0.353017 0.0931618 0.0103691 0.995597 0.359127
0.992191 -0.0953918 -0.0803547 1.25628 0.0964358 0.995297 0.00920437 -0.304193 0.0790987 -0.0168816 0.996724 0.356917
0.982022 -0.185693 -0.033912 1.51008 0.185026 0.98249 -0.0218756 -0.202683 0.0373804 0.0152077 0.999185 0.261607
0.967166 -0.252179 -0.0315411 1.92147 0.251971 0.967678 -0.010463 -0.00170899 0.0331602 0.00217202 0.999448 0.385348
0.914589 -0.403946 -0.0188004 2.23179 0.404129 0.914675 0.00702294 0.211235 0.0143594 -0.0140209 0.999799 0.372852
0.866795 -0.498289 -0.0193453 2.31524 0.498573 0.866727 0.0144688 0.305138 0.00955748 -0.0221866 0.999708 0.233676
0.852244 -0.522669 0.0223058 2.60009 0.523083 0.852026 -0.0208948 0.636517 -0.00808405 0.0294753 0.999533 0.22614
0.770578 -0.63649 -0.0330042 2.76627 0.633123 0.770397 -0.0751229 0.88269 0.0732413 0.0369923 0.996628 0.260817
0.722226 -0.691596 0.00913824 2.84308 0.69026 0.719865 -0.0730465 1.06558 0.0439404 0.0590639 0.997287 0.288421
0.814714 -0.578559 0.0388756 2.92604 0.579854 0.81325 -0.0489206 1.19078 -0.00331215 0.0623985 0.998046 0.285379
0.902256 -0.426056 0.0664053 3.03368 0.428756 0.902814 -0.0331 1.3163 -0.0458491 0.0583364 0.997244 0.33597
0.929694 -0.358757 0.0834388 3.3759 0.362009 0.931776 -0.027277 1.60192 -0.0679605 0.0555649 0.99614 0.214053
0.907259 -0.415974 0.0620187 3.76463 0.41873 0.907197 -0.0407293 1.979 -0.0393208 0.0629211 0.997244 0.0891899
0.92362 -0.382082 0.0306467 4.19049 0.383273 0.921673 -0.0601773 2.29986 -0.00525357 0.067327 0.997717 0.209912
0.945475 -0.32539 0.014065 4.62097 0.325692 0.944422 -0.044636 2.51375 0.00124085 0.0467831 0.998904 0.202465
0.987823 -0.154506 0.0182435 4.99165 0.15533 0.986072 -0.0594585 2.63831 -0.00880276 0.0615683 0.998064 0.21735
0.997221 -0.0745005 0.00052141 5.46539 0.07449 0.996904 -0.0251744 2.81586 0.00135571 0.0251433 0.999683 0.249431
0.986531 -0.162576 0.0180648 5.98646 0.163336 0.985043 -0.0548729 3.03525 -0.00887364 0.0570844 0.99833 0.230187
0.990002 -0.140828 -0.00802382 6.6724 0.140444 0.989402 -0.036871 3.25826 0.0131312 0.0353755 0.999288 0.296192
0.970044 -0.242889 0.00443036 7.07618 0.24292 0.970007 -0.00875365 3.43552 -0.00217131 0.00956765 0.999952 0.209586
0.969365 -0.240323 0.0507569 7.68881 0.241913 0.969899 -0.0278221 3.71657 -0.0425427 0.0392485 0.998323 0.224368
0.944166 -0.32919 -0.0135447 8.26214 0.328696 0.94397 -0.0296583 4.00954 0.022549 0.0235503 0.999468 0.266754
0.906963 -0.421172 -0.00575337 8.6135 0.420627 0.90634 -0.0402676 4.2083 0.0221741 0.0341012 0.999172 0.270116
0.909471 -0.415731 0.0055478 9.31365 0.415609 0.908672 -0.0397954 4.60759 0.0115031 0.0384985 0.999192 0.281753
0.851437 -0.524171 0.0173262 9.69627 0.524412 0.851332 -0.0150364 4.87845 -0.00686873 0.0218887 0.999737 0.213765
0.856071 -0.516438 0.0208355 10.1854 0.516805 0.855865 -0.0201965 5.22935 -0.00740212 0.0280576 0.999579 0.184483
0.835593 -0.548997 -0.0196776 10.6288 0.548204 0.835628 -0.0346162 5.56479 0.0354473 0.0181378 0.999207 0.252419
0.778135 -0.627993 0.0114296 10.9869 0.628091 0.777918 -0.0185477 5.86857 0.00275653 0.0216114 0.999763 0.193568
0.77398 -0.632715 0.0250305 11.4851 0.633015 0.774118 -0.00577603 6.29806 -0.015722 0.0203152 0.99967 0.227551
0.702788 -0.708034 -0.0691182 11.8864 0.704661 0.706178 -0.0690333 6.68216 0.0976876 -0.000189115 0.995217 0.222042
0.635006 -0.772113 -0.0246668 12.1743 0.769807 0.635132 -0.0632802 7.00471 0.0645262 0.0211946 0.997691 0.214708
0.691046 -0.722677 0.0139426 12.4707 0.722726 0.69054 -0.0286679 7.31359 0.0110897 0.0298875 0.999492 0.198476
0.675354 -0.736107 -0.0451992 12.9359 0.73408 0.676855 -0.0547269 7.80405 0.0708782 0.00378022 0.997478 0.246145
0.679284 -0.733805 -0.0101638 13.4169 0.731493 0.678129 -0.0711294 8.42148 0.0590875 0.0408822 0.997415 0.183763
0.64573 -0.76264 -0.0376048 13.7132 0.761525 0.646821 -0.0412717 8.85206 0.055799 -0.00198666 0.99844 0.229846
0.527994 -0.848305 -0.0400005 13.8372 0.847573 0.529325 -0.0378864 9.12715 0.0533125 -0.0138995 0.998481 0.167339
0.419337 -0.90772 -0.0141614 13.9379 0.907559 0.419542 -0.0179072 9.39487 0.022196 -0.00534316 0.999739 0.216746
0.333529 -0.942704 -0.00827533 14.1005 0.942728 0.333469 0.00786022 9.97072 -0.00465029 -0.010423 0.999935 0.169871
0.166259 -0.986071 -0.00475896 14.1575 0.984132 0.166232 -0.0620615 10.5134 0.0619881 0.00563484 0.998061 0.153077
0.0548615 -0.99833 0.0180922 14.1887 0.997762 0.0541187 -0.0392624 10.9347 0.0382177 0.0202057 0.999065 0.188477
0.0778588 -0.996963 -0.00160203 14.2655 0.995419 0.0778274 -0.0555254 11.8169 0.0554815 0.00272845 0.998456 0.137874
0.0210187 -0.999329 0.029989 14.3136 0.99958 0.0204066 -0.020574 12.4345 0.0199483 0.0304088 0.999338 0.192717
0.093377 -0.995581 0.00992877 14.3713 0.995432 0.0931546 -0.0208973 13.1181 0.01988 0.0118347 0.999732 0.226871
0.0448066 -0.998983 -0.00507942 14.3953 0.998391 0.044602 0.0350118 13.8497 -0.0347497 -0.00664 0.999374 0.143229
0.0594161 -0.998203 -0.00776424 14.3901 0.99764 0.059647 -0.0339994 14.5088 0.0344014 -0.00572581 0.999392 0.136748
0.0322509 -0.999457 -0.00673838 14.4014 0.999045 0.0320373 0.0297061 15.3666 -0.0294741 -0.00768999 0.999536 0.195693
0.100209 -0.994611 -0.0265744 14.4556 0.99492 0.100427 -0.0070093 16.1936 0.00964033 -0.025737 0.999622 0.198243
0.088248 -0.996079 0.00621952 14.5237 0.99596 0.0881298 -0.0172379 16.9378 0.0166222 0.00771561 0.999832 0.182517
0.107289 -0.993971 0.0226064 14.619 0.994103 0.107608 0.0133819 17.7622 -0.0157338 0.0210374 0.999655 0.23932
0.0487767 -0.998757 0.0102938 14.6876 0.998288 0.0484156 -0.0328144 18.4939 0.0322753 0.0118767 0.999408 0.180407
0.0886662 -0.996032 -0.00759515 14.801 0.996061 0.0886622 0.000855999 19.2763 -0.000179199 -0.00764114 0.999971 0.18666
0.0628207 -0.998025 -0.000226453 14.8376 0.997427 0.0627909 -0.0345837 20.035 0.0345296 0.0019467 0.999402 0.163974
0.0828564 -0.996022 0.0327758 14.8763 0.996428 0.0833385 0.0136248 20.8468 -0.0163021 0.0315298 0.99937 0.172741
0.0582046 -0.998261 0.00932731 14.9125 0.997617 0.0585086 0.0365595 21.7723 -0.0370416 0.00717716 0.999288 0.222357
0.115852 -0.993223 -0.00927556 15.0175 0.992891 0.11606 -0.0264235 22.6187 0.027321 -0.00614839 0.999608 0.230256
0.0780349 -0.996771 -0.0188996 15.0806 0.996743 0.0776178 0.021884 23.3894 -0.0203464 -0.0205458 0.999582 0.17585
0.124825 -0.992088 -0.013422 15.1789 0.991454 0.124205 0.0399106 24.2383 -0.0379278 -0.0182891 0.999113 0.181169
0.0813679 -0.99654 -0.0169373 15.2097 0.995768 0.0805528 0.0442495 25.0287 -0.0427321 -0.0204661 0.998877 0.174513
0.0917519 -0.99563 -0.0173921 15.2528 0.995782 0.0917234 0.00242864 25.7325 -0.000822771 -0.0175415 0.999846 0.122162
0.0945625 -0.995122 -0.0281262 15.2594 0.992777 0.0963598 -0.071472 26.3294 0.0738335 -0.0211645 0.997046 0.173349
0.0533221 -0.998484 0.0136706 15.3153 0.997738 0.0527112 -0.0417087 26.8443 0.0409249 0.0158637 0.999036 0.209853
0.101017 -0.994752 0.0162529 15.4249 0.993274 0.0999107 -0.0585247 27.7405 0.0565937 0.0220555 0.998154 0.220861
0.0560503 -0.99728 0.047859 15.5384 0.994687 0.0516304 -0.0890644 28.6239 0.0863512 0.0525969 0.994875 0.23989
0.127607 -0.991783 0.00908358 15.6639 0.986486 0.125966 -0.104779 29.3401 0.102773 0.0223313 0.994454 0.273474
0.049655 -0.998669 -0.0139524 15.7248 0.995515 0.0506148 -0.0799204 29.8923 0.0805202 -0.00992136 0.996704 0.170896
0.0663016 -0.9978 0.000325477 15.7742 0.995836 0.0661506 -0.0627352 30.5818 0.0625756 0.00448357 0.99803 0.202334
0.067723 -0.997641 0.0112331 15.8154 0.994521 0.0666039 -0.0805727 31.319 0.0796345 0.0166282 0.996685 0.184294
0.0433368 -0.999027 0.00813976 15.8624 0.995028 0.0424292 -0.0901049 32.0115 0.0896719 0.0120042 0.995899 0.236875
0.037857 -0.999251 0.00807307 15.8577 0.997975 0.0373929 -0.0514558 32.8247 0.0511154 0.0100047 0.998643 0.209164
-0.00561032 -0.999922 0.0111155 15.8688 0.999534 -0.00594114 -0.0299562 33.6743 0.0300199 0.0109422 0.999489 0.230182
-0.0129311 -0.999655 0.0228584 15.8869 0.999062 -0.0138618 -0.0410351 34.5953 0.0413378 0.0223063 0.998896 0.259178
0.0436362 -0.999046 -0.00177393 15.891 0.998224 0.0436722 -0.0405149 35.4693 0.0405537 -2.86437e-06 0.999177 0.226568
0.0330617 -0.999453 -0.00111903 15.9079 0.994494 0.033009 -0.0994542 36.2245 0.0994367 0.00217525 0.995042 0.250379
0.0414676 -0.999027 0.0150272 15.8859 0.998407 0.0408566 -0.0389119 37.0579 0.0382601 0.0166169 0.99913 0.228777
0.0341666 -0.999147 0.0231794 15.8965 0.997075 0.0324908 -0.0691797 37.7871 0.0683676 0.0254752 0.997335 0.217036
0.0538514 -0.998431 0.0153286 15.9097 0.990257 0.0514236 -0.129412 38.433 0.128421 0.0221482 0.991472 0.293596
0.12347 -0.992296 0.0102273 15.9227 0.988318 0.122034 -0.091295 39.0492 0.0893436 0.0213799 0.995771 0.2691
0.0651652 -0.997688 0.0192711 15.948 0.996467 0.0640358 -0.0543441 39.5695 0.0529845 0.0227444 0.998336 0.258206
0.13392 -0.990957 -0.00832075 16.0245 0.98947 0.134175 -0.0542773 40.2432 0.0549029 -0.000964291 0.998491 0.172199
0.166248 -0.986047 0.00855759 16.0404 0.981069 0.164522 -0.102153 40.8027 0.09932 0.0253783 0.994732 0.240702
0.14977 -0.988435 0.0237718 16.1503 0.981836 0.145852 -0.12135 41.3605 0.116479 0.0415146 0.992325 0.310168
0.278805 -0.959411 0.0424072 16.2441 0.951077 0.269723 -0.150673 41.6591 0.133119 0.0823407 0.987674 0.286077
0.384299 -0.923202 0.00341822 16.3046 0.920312 0.382798 -0.0805664 41.9974 0.0730706 0.0341075 0.996743 0.35803
0.340569 -0.940214 0.00318575 16.3927 0.939347 0.340105 -0.0442198 42.7227 0.0404926 0.0180524 0.999017 0.217285
0.307435 -0.951498 -0.0116181 16.4887 0.948321 0.307371 -0.0788053 43.2181 0.0785542 0.0132098 0.996822 0.220329
0.364212 -0.931104 -0.0198874 16.6203 0.921796 0.363452 -0.134885 43.8228 0.13282 0.0307946 0.990662 0.24815
0.288039 -0.957587 -0.00779289 16.7403 0.952777 0.287391 -0.0980984 44.3967 0.0961773 0.0208313 0.995146 0.285033
0.274501 -0.961587 0.000870651 16.8526 0.953984 0.272216 -0.125752 45.2354 0.120685 0.0353497 0.992061 0.316972
0.104343 -0.994443 0.0139718 16.8673 0.989928 0.102497 -0.0976607 45.6745 0.095686 0.0240212 0.995122 0.269421
0.0792847 -0.996779 0.0120455 16.9007 0.996799 0.0791501 -0.0112651 46.2508 0.0102754 0.0129001 0.999864 0.23527
0.0689924 -0.997589 -0.00748612 16.898 0.99263 0.069395 -0.0993478 46.9651 0.0996278 -0.000576709 0.995025 0.259675
0.0782387 -0.996592 0.0261262 16.8897 0.988751 0.0742189 -0.129856 47.564 0.127474 0.0359921 0.991189 0.294518
0.1589 -0.987163 0.016117 16.9089 0.986183 0.157925 -0.0500193 47.8238 0.0468319 0.0238424 0.998618 0.291476
0.220038 -0.975448 0.0091596 16.9101 0.962268 0.215505 -0.166126 48.3611 0.160073 0.045368 0.986062 0.308223
0.257242 -0.966338 0.00422626 16.9543 0.951755 0.252598 -0.174231 48.8369 0.167299 0.0488419 0.984696 0.351086
0.390539 -0.920582 -0.00276087 17.0308 0.914121 0.388149 -0.117145 49.0571 0.108914 0.0432261 0.993111 0.290403
0.55791 -0.8299 0.00175074 17.1376 0.826269 0.555269 -0.0946336 49.2746 0.0775643 0.0542436 0.995511 0.332539
0.656074 -0.752791 -0.0535895 17.2564 0.741408 0.656162 -0.140595 49.5 0.141002 0.0525088 0.988616 0.386329
0.726075 -0.685342 -0.0558702 17.4128 0.680541 0.727854 -0.0842152 49.7517 0.0983815 0.0231246 0.99488 0.365279
0.816083 -0.570725 -0.091008 17.6458 0.567013 0.82114 -0.0650015 50.1069 0.111828 0.0014439 0.993726 0.301763
0.84194 -0.536173 -0.0604626 17.8242 0.521802 0.837605 -0.161678 50.4016 0.137331 0.104574 0.98499 0.297345
0.932998 -0.351268 -0.0782675 17.9012 0.338855 0.930708 -0.137691 50.4436 0.121211 0.101944 0.987378 0.302084
0.97558 -0.197132 -0.0968667 17.9088 0.184861 0.975089 -0.122588 50.4246 0.11862 0.101688 0.987719 0.368604
0.988562 0.00860038 -0.150571 17.9107 -0.0202042 0.996925 -0.0757065 50.4033 0.149457 0.0778828 0.985696 0.362102
0.959782 0.247582 -0.132371 17.9542 -0.253184 0.96704 -0.0270421 50.4035 0.121313 0.0594688 0.990831 0.284593
0.883044 0.455449 -0.113132 18.0081 -0.459087 0.888364 -0.00698289 50.3952 0.0973217 0.0581035 0.993555 0.286086
0.772372 0.629444 -0.0850973 18.009 -0.631295 0.775516 0.00645362 50.3638 0.0700565 0.0487369 0.996352 0.310337
0.648237 0.757809 -0.0742496 18.0142 -0.757876 0.651551 0.0332379 50.338 0.0735654 0.034726 0.996686 0.334338
0.524489 0.849505 -0.0570338 17.9857 -0.848246 0.527138 0.0510245 50.2945 0.0734102 0.0216169 0.997068 0.31586
0.292336 0.955929 -0.0271955 17.917 -0.955509 0.293139 0.0327442 50.2165 0.0392732 0.0164132 0.999094 0.278958
0.159158 0.987115 -0.0165383 17.8339 -0.987176 0.159332 0.00980859 50.187 0.0123173 0.0147651 0.999815 0.251014
0.0357758 0.999061 -0.0244397 17.7589 -0.998205 0.0368993 0.0471813 50.1134 0.0480388 0.0227078 0.998587 0.320405
-0.0557496 0.99829 -0.0176042 17.7546 -0.998444 -0.0557629 -0.000266597 49.864 -0.0012478 0.0175619 0.999845 0.243068
-0.0919939 0.995608 -0.0173595 17.7746 -0.995076 -0.091271 0.0386389 49.8384 0.0368848 0.0208286 0.999102 0.263356
-0.02769 0.999008 -0.0348761 17.6924 -0.999484 -0.0271005 0.0172632 49.8058 0.0163009 0.0353362 0.999243 0.267479
-0.012088 0.99906 -0.0416249 17.7323 -0.999722 -0.0129183 -0.0197358 49.3678 -0.020255 0.0413748 0.998938 0.174769
0.000165388 0.99976 -0.0219194 17.705 -0.999893 0.000485596 0.0146039 48.499 0.0146111 0.0219146 0.999653 0.270594
-0.0132636 0.999843 -0.0117435 17.6766 -0.998942 -0.0127327 0.0441897 47.8697 0.0440333 0.0123172 0.998954 0.265248
-0.0115221 0.99919 -0.0385687 17.6494 -0.995113 -0.00767533 0.0984397 47.188 0.0980639 0.0395145 0.994395 0.254422
0.0446499 0.997701 -0.0509791 17.653 -0.994711 0.0491254 0.0902081 46.6099 0.0925051 0.0466817 0.994617 0.249464
-0.0265025 0.999267 -0.0276089 17.6398 -0.998071 -0.0248997 0.0568633 46.1096 0.0561342 0.0290627 0.998 0.282198
0.0362239 0.997962 -0.0525381 17.6021 -0.997367 0.0394072 0.0608754 45.3745 0.0628217 0.0501947 0.996762 0.259291
-0.0427693 0.998703 -0.0276312 17.5744 -0.99836 -0.0416686 0.0392539 44.5572 0.0380516 0.0292647 0.998847 0.293419
-0.0196507 0.998987 -0.0404825 17.5061 -0.998016 -0.0171767 0.0605782 43.7861 0.0598215 0.0415926 0.997342 0.197845
-0.0302345 0.99883 -0.0377339 17.4793 -0.996801 -0.0273357 0.0751063 43.1243 0.073987 0.0398839 0.996461 0.229924
-0.0724411 0.996954 -0.0289114 17.4571 -0.992616 -0.0692378 0.0995926 42.541 0.0972875 0.0359125 0.994608 0.224645
-0.00160186 0.998452 -0.0555905 17.4458 -0.999097 0.0007618 0.042472 42.0579 0.0424486 0.0556083 0.99755 0.310395
-0.0609294 0.998085 0.0106651 17.4067 -0.997491 -0.061272 0.0354603 41.4175 0.0360459 -0.00847777 0.999314 0.231326
-0.0566636 0.997581 -0.0402576 17.3238 -0.995342 -0.0532942 0.0803418 40.655 0.078002 0.0446225 0.995954 0.254618
-0.00320076 0.999338 -0.0362325 17.3094 -0.997397 -0.000580089 0.07211 40.1656 0.0720413 0.0363689 0.996738 0.259163
-0.0757324 0.997097 -0.00793833 17.2599 -0.997076 -0.075645 0.0107969 39.6632 0.0101651 0.0087328 0.99991 0.271322
-0.00999916 0.999389 -0.0334872 17.1996 -0.999042 -0.00855758 0.0429185 38.9136 0.0426058 0.0338843 0.998517 0.228151
0.00955896 0.99968 -0.0234298 17.1975 -0.997055 0.0113116 0.0758495 38.2355 0.0760902 0.0226357 0.996844 0.228415
-0.0198145 0.999589 -0.0207246 17.1951 -0.997463 -0.0183462 0.068786 37.7035 0.0683775 0.022035 0.997416 0.213675
0.0380043 0.996482 -0.0746959 17.1971 -0.998352 0.0410792 0.0400691 37.202 0.0429966 0.07305 0.996401 0.22275
0.0189712 0.999346 -0.0307958 17.1861 -0.99781 0.0208761 0.0627604 36.5728 0.0633623 0.0295377 0.997553 0.268508
0.00394814 0.999234 -0.0389377 17.1493 -0.991128 0.00908329 0.132602 35.8286 0.132854 0.0380687 0.990404 0.236182
0.0194594 0.998994 -0.0403921 17.1835 -0.991643 0.0244382 0.12668 35.1796 0.12754 0.0375894 0.991121 0.266043
-0.0605204 0.998158 -0.00419928 17.1004 -0.994907 -0.0599825 0.0810073 34.3909 0.0806062 0.00908048 0.996705 0.25048
-0.0440855 0.998905 0.0156583 17.0493 -0.99766 -0.0448396 0.0516128 33.3747 0.0522584 -0.0133463 0.998544 0.264312
-0.0430826 0.999018 0.0103462 17.0094 -0.997462 -0.0435984 0.0562896 32.6047 0.0566854 -0.00789481 0.998361 0.213322
-0.0539423 0.998395 0.0172508 16.9512 -0.995399 -0.0551346 0.0783709 31.8147 0.0791962 -0.0129439 0.996775 0.276541
-0.10359 0.994522 0.0139371 16.8838 -0.992384 -0.104286 0.0655647 31.1951 0.066659 -0.00703904 0.997751 0.22392
-0.0355247 0.99932 -0.00982995 16.8842 -0.999322 -0.0354262 0.010028 30.6633 0.00967293 0.0101795 0.999901 0.154571
-0.024915 0.999689 0.000889078 16.8934 -0.993142 -0.0248535 0.114245 30.2533 0.114232 0.00196344 0.993452 0.331835
-0.0906612 0.995847 0.00830743 16.8327 -0.990261 -0.0910314 0.105336 29.4539 0.105655 0.00132334 0.994402 0.224364
-0.000218926 0.999901 -0.0140782 16.8517 -0.995468 0.00112091 0.0950926 28.7459 0.0950989 0.0140352 0.995369 0.265786
-0.0452252 0.998964 -0.00496228 16.8112 -0.992432 -0.0443607 0.114503 27.808 0.114165 0.0101032 0.99341 0.192059
0.0201259 0.998231 -0.0559438 16.7921 -0.999231 0.0219655 0.0324662 27.3029 0.0336376 0.0552474 0.997906 0.268631
0.0046834 0.999986 -0.00259949 16.7841 -0.994885 0.00492178 0.100891 26.8436 0.100902 0.00211368 0.994894 0.275493
-0.0506802 0.998708 0.00384672 16.7542 -0.996142 -0.0508256 0.0715346 26.4558 0.0716377 -0.000206492 0.997431 0.228756
-0.0136778 0.999344 -0.0335281 16.7101 -0.997749 -0.0114392 0.0660732 25.8618 0.0656463 0.0343564 0.997251 0.237932
-0.0188606 0.999479 -0.0261957 16.7001 -0.991794 -0.0153891 0.126919 25.1933 0.12645 0.0283745 0.991567 0.21542
-0.0394521 0.999211 -0.00453853 16.6745 -0.993554 -0.0387449 0.106535 24.6293 0.106275 0.00871229 0.994299 0.271066
0.00547986 0.999718 -0.0231271 16.6441 -0.998641 0.00666958 0.0516833 23.9182 0.051823 0.0228125 0.998396 0.296081
-0.0379289 0.99928 -2.99184e-05 16.6174 -0.999277 -0.0379287 0.00248904 23.2992 0.00248612 0.000124303 0.999997 0.255957
-0.0513704 0.998408 0.0232737 16.5688 -0.993177 -0.0535165 0.103614 22.65 0.104695 -0.0177922 0.994345 0.214198
-0.0163743 0.999832 -0.00824094 16.5585 -0.996945 -0.0156964 0.0765122 22.1061 0.07637 0.0094686 0.997035 0.300858
-0.0421261 0.999035 -0.012433 16.5173 -0.997783 -0.0414252 0.0520796 21.383 0.0515143 0.0145994 0.998566 0.259027
0.0321901 0.998644 -0.0409074 16.5077 -0.999144 0.0332161 0.0246519 20.8424 0.0259773 0.0400789 0.998859 0.242348
0.0413702 0.999012 -0.0162036 16.4739 -0.994207 0.0427705 0.0986026 20.1821 0.0991982 0.0120305 0.994995 0.267053
-0.00157221 0.999898 -0.0142118 16.4042 -0.99481 -0.000118044 0.101747 19.3941 0.101735 0.0142981 0.994709 0.233072
0.0705505 0.997248 -0.0227908 16.3686 -0.995388 0.071871 0.0635347 18.7325 0.0649979 0.0182033 0.997719 0.255672
0.00943115 0.999953 -0.00209603 16.3098 -0.994895 0.00959401 0.100454 17.8712 0.10047 0.00113793 0.994939 0.251887
