1 -4.24575e-26 -4.08693e-26 -2.78388e-27 4.24575e-26 1 -1.4876e-26 5.05242e-27 4.08693e-26 1.4876e-26 1 8.15269e-27
1 -5.20155e-05 -0.000317762 0.00424419 5.19317e-05 1 -0.000263632 0.0613192 0.000317775 0.000263616 1 0.0218757
0.986175 -0.165138 0.0137341 0.0458266 0.165108 0.98627 0.0032983 0.0437516 -0.0140902 -0.000985091 0.9999 0.0124221
0.979443 -0.195696 0.0489265 0.0421945 0.197228 0.979938 -0.0286978 0.0307456 -0.0423289 0.0377575 0.99839 0.0472272
0.972266 -0.232447 -0.0258188 0.00436007 0.232504 0.972595 -0.000794042 0.0241219 0.0252958 -0.00523096 0.999666 0.0878386
0.997703 -0.065214 -0.0183396 -0.135756 0.0650535 0.997839 -0.00921934 -0.0554699 0.0189012 0.00800511 0.999789 0.211712
0.998576 0.0523288 0.0104083 -0.0985793 -0.0517433 0.997396 -0.0502418 -0.113862 -0.0130103 0.0496317 0.998683 0.228643
0.99924 0.0136946 0.0364881 0.114328 -0.0131941 0.999816 -0.0139226 -0.326729 -0.036672 0.0134306 0.999237 0.32593
0.999726 0.0164779 -0.0166127 0.550214 -0.016578 0.999845 -0.00590766 -0.390245 0.0165128 0.00618145 0.999845 0.272627
0.99546 -0.0205314 -0.0929356 1.01437 0.0194774 0.999735 -0.0122346 -0.352877 0.0931622 0.010369 0.995597 0.358847
0.992191 -0.0953913 -0.0803555 1.25628 0.0964353 0.995297 0.00920456 -0.304037 0.0790996 -0.0168818 0.996724 0.356607
0.982023 -0.185692 -0.0339134 1.51009 0.185025 0.98249 -0.0218754 -0.202511 0.0373816 0.0152073 0.999185 0.261266
0.967167 -0.252178 -0.031543 1.92147 0.25197 0.967678 -0.0104629 -0.0015226 0.033162 0.00217142 0.999448 0.384976
0.91459 -0.403945 -0.018803 2.2318 0.404127 0.914676 0.00702296 0.211437 0.0143618 -0.0140219 0.999799 0.37245
0.866795 -0.498289 -0.0193458 2.31525 0.498573 0.866727 0.0144689 0.305117 0.00955779 -0.0221869 0.999708 0.23362
0.852245 -0.522668 0.0223017 2.60009 0.523081 0.852027 -0.0208953 0.636749 -0.00808033 0.0294734 0.999533 0.225677
0.770578 -0.636491 -0.0330048 2.76627 0.633123 0.770397 -0.0751229 0.882666 0.0732418 0.0369919 0.996628 0.260754
0.722228 -0.691595 0.00913216 2.84309 0.690257 0.719867 -0.0730476 1.06585 0.0439454 0.0590606 0.997287 0.287897
0.814716 -0.578556 0.0388687 2.92605 0.579851 0.813252 -0.0489222 1.19106 -0.00330579 0.0623958 0.998046 0.284826
0.902258 -0.426053 0.0663975 3.03369 0.428752 0.902816 -0.0331022 1.31659 -0.0458414 0.0583348 0.997244 0.335386
0.929696 -0.358753 0.0834301 3.37592 0.362004 0.931777 -0.0272798 1.60223 -0.0679515 0.055564 0.99614 0.213443
0.907262 -0.41597 0.0620087 3.76465 0.418725 0.907199 -0.0407327 1.97933 -0.0393106 0.0629198 0.997244 0.0885554
0.92362 -0.382083 0.0306428 4.19058 0.383274 0.921672 -0.060178 2.29978 -0.00524956 0.0673262 0.997717 0.209678
0.945477 -0.325385 0.0140524 4.62099 0.325685 0.944424 -0.0446406 2.51411 0.00125392 0.0467833 0.998904 0.201785
0.987825 -0.154499 0.0182294 4.99167 0.155322 0.986073 -0.0594638 2.63868 -0.00878844 0.0615713 0.998064 0.216647
0.997221 -0.0744922 0.000506043 5.46541 0.0744813 0.996904 -0.0251804 2.81625 0.00137127 0.0251482 0.999683 0.248708
0.986532 -0.162567 0.0180476 5.98649 0.163326 0.985045 -0.0548799 3.03565 -0.00885596 0.0570885 0.99833 0.229446
0.990003 -0.140817 -0.00804236 6.67242 0.140432 0.989403 -0.0368785 3.25867 0.0131503 0.0353804 0.999287 0.295444
0.970047 -0.242878 0.00441093 7.0762 0.242908 0.97001 -0.00876193 3.43595 -0.00215057 0.00957093 0.999952 0.208829
0.969369 -0.240311 0.0507361 7.68883 0.2419 0.969902 -0.0278316 3.717 -0.0425208 0.0392521 0.998324 0.223611
0.944171 -0.329177 -0.0135664 8.26216 0.328682 0.943975 -0.0296673 4.00998 0.0225722 0.023552 0.999468 0.266001
0.906969 -0.421158 -0.00577621 8.61352 0.420612 0.906346 -0.0402772 4.20874 0.0221983 0.0341007 0.999172 0.269361
0.909477 -0.415717 0.00552497 9.31367 0.415594 0.908679 -0.0398052 4.60802 0.0115273 0.0384981 0.999192 0.281018
0.851446 -0.524157 0.0173038 9.6963 0.524398 0.85134 -0.0150464 4.87887 -0.00684472 0.0218853 0.999737 0.213041
0.85608 -0.516424 0.020813 10.1855 0.516791 0.855873 -0.0202066 5.22977 -0.00737808 0.0280544 0.999579 0.183773
0.835601 -0.548983 -0.0197003 10.6289 0.54819 0.835637 -0.0346256 5.5652 0.0354712 0.0181337 0.999206 0.251723
0.778145 -0.627981 0.0114071 10.9869 0.628079 0.777928 -0.0185576 5.86898 0.00277992 0.021605 0.999763 0.192882
0.773991 -0.632703 0.0250082 11.4852 0.633002 0.774128 -0.00578616 6.29846 -0.0156986 0.0203087 0.999671 0.226881
0.702797 -0.708023 -0.0691414 11.8865 0.704648 0.70619 -0.0690418 6.68255 0.0977101 -0.000197966 0.995215 0.221384
0.635017 -0.772103 -0.02469 12.1743 0.769796 0.635144 -0.0632895 7.0051 0.0645478 0.0211837 0.99769 0.21406
0.691057 -0.722666 0.01392 12.4708 0.722715 0.690551 -0.0286778 7.31397 0.0111121 0.0298782 0.999492 0.197838
0.675365 -0.736096 -0.0452223 12.936 0.734068 0.676867 -0.0547359 7.80442 0.0709003 0.00377046 0.997476 0.245521
0.679294 -0.733795 -0.0101871 13.417 0.731482 0.67814 -0.0711389 8.42185 0.0591097 0.0408726 0.997414 0.183156
0.645741 -0.762629 -0.0376277 13.7133 0.761514 0.646833 -0.0412808 8.85242 0.0558207 -0.0019973 0.998439 0.22925
0.528007 -0.848296 -0.0400232 13.8373 0.847564 0.529339 -0.0378955 9.1275 0.0533325 -0.0139132 0.99848 0.166748
0.419351 -0.907713 -0.0141839 13.938 0.907552 0.419557 -0.0179167 9.39522 0.0222142 -0.00535923 0.999739 0.21616
0.333544 -0.942698 -0.00829741 14.1006 0.942723 0.333484 0.00785063 9.97107 -0.00463371 -0.0104407 0.999935 0.169294
0.166274 -0.986068 -0.00478213 14.1576 0.984128 0.166248 -0.0620712 10.5137 0.0620014 0.00561457 0.99806 0.152507
0.0548768 -0.99833 0.0180693 14.1889 0.997761 0.0541347 -0.0392724 10.9351 0.0382286 0.020184 0.999065 0.187912
0.0778737 -0.996962 -0.0016251 14.2656 0.995418 0.0778436 -0.0555351 11.8173 0.0554929 0.00270707 0.998455 0.137319
0.0210345 -0.99933 0.0299665 14.3137 0.99958 0.0204225 -0.0205842 12.4348 0.0199585 0.0303868 0.999339 0.192169
0.0933926 -0.99558 0.00990623 14.3715 0.995431 0.0931706 -0.0209071 13.1185 0.0198918 0.0118135 0.999732 0.226331
0.0448235 -0.998982 -0.00510104 14.3955 0.998391 0.0446183 0.0350022 13.85 -0.034739 -0.00666175 0.999374 0.142697
0.0594315 -0.998202 -0.00778698 14.3903 0.997639 0.0596633 -0.034009 14.5091 0.0344124 -0.00574739 0.999391 0.136222
0.0322677 -0.999456 -0.0067601 14.4016 0.999045 0.0320536 0.0296965 15.3669 -0.0294637 -0.00771188 0.999536 0.195176
0.100225 -0.994609 -0.0265967 14.4559 0.994918 0.100444 -0.0070186 16.194 0.00965224 -0.0257581 0.999622 0.197735
0.0882638 -0.996078 0.00619704 14.5239 0.995958 0.0881459 -0.0172478 16.9382 0.0166339 0.00769434 0.999832 0.182018
0.107306 -0.99397 0.0225844 14.6193 0.994102 0.107624 0.0133718 17.7625 -0.0157218 0.0210163 0.999656 0.238831
0.0487922 -0.998756 0.0102711 14.6878 0.998287 0.0484317 -0.0328243 18.4943 0.0322861 0.011855 0.999408 0.179926
0.0886823 -0.996031 -0.00761734 14.8012 0.99606 0.0886785 0.000846392 19.2766 -0.000167538 -0.00766239 0.999971 0.18619
0.0628365 -0.998024 -0.000249234 14.8378 0.997426 0.0628075 -0.0345935 20.0354 0.0345408 0.00192514 0.999401 0.163505
0.0828743 -0.996022 0.0327538 14.8765 0.996427 0.0833557 0.0136143 20.8472 -0.0162904 0.0315085 0.999371 0.172275
0.0582245 -0.99826 0.00930581 14.9126 0.997616 0.0585276 0.0365493 21.7727 -0.0370303 0.00715557 0.999289 0.221894
0.115873 -0.99322 -0.00929832 15.0176 0.992888 0.116082 -0.0264336 22.6191 0.0273338 -0.00616924 0.999607 0.229792
0.078061 -0.996769 -0.0189213 15.0805 0.996741 0.0776436 0.0218738 23.3899 -0.020334 -0.0205672 0.999582 0.17538
0.124857 -0.992084 -0.0134431 15.1786 0.99145 0.124237 0.0398999 24.2388 -0.0379139 -0.0183099 0.999113 0.180695
0.0814076 -0.996537 -0.0169581 15.2092 0.995765 0.0805917 0.0442383 25.0294 -0.0427184 -0.0204876 0.998877 0.174026
0.0918 -0.995625 -0.0174147 15.2521 0.995777 0.0917717 0.00241682 25.7332 -0.000808072 -0.017563 0.999845 0.121661
0.0946199 -0.995115 -0.0281532 15.2584 0.992771 0.0964194 -0.071484 26.3302 0.0738493 -0.0211859 0.997044 0.172823
0.0533934 -0.99848 0.0136448 15.314 0.997734 0.0527833 -0.0417247 26.8453 0.0409411 0.0158417 0.999036 0.209302
0.101105 -0.994743 0.0162249 15.4233 0.993264 0.0999993 -0.0585428 27.7416 0.0566126 0.0220345 0.998153 0.22028
0.0561588 -0.997276 0.0478265 15.5363 0.994679 0.0517402 -0.0890885 28.6252 0.0863713 0.0525751 0.994875 0.239273
0.12774 -0.991766 0.00904674 15.6613 0.986466 0.126101 -0.104801 29.3416 0.102798 0.0223116 0.994452 0.272814
0.0498186 -0.99866 -0.0139887 15.7218 0.995505 0.050781 -0.0799425 29.894 0.0805458 -0.00994315 0.996701 0.17019
0.0664986 -0.997786 0.000289658 15.7708 0.995821 0.0663494 -0.062763 30.5837 0.0626049 0.0044621 0.998028 0.201586
0.0679564 -0.997626 0.0111903 15.8115 0.994502 0.0668395 -0.0806068 31.3212 0.0796674 0.0166066 0.996683 0.183508
0.0436112 -0.999016 0.00809087 15.8582 0.995013 0.0427064 -0.0901428 32.0139 0.0897085 0.0119818 0.995896 0.236052
0.0381787 -0.999239 0.00803219 15.8531 0.997961 0.0377159 -0.0514987 32.8273 0.0511566 0.00998196 0.998641 0.208311
-0.00523708 -0.999925 0.0110798 15.8639 0.999534 -0.00556752 -0.0300059 33.6773 0.0300653 0.0109175 0.999488 0.229304
-0.0125027 -0.999661 0.0228163 15.8818 0.999065 -0.0134332 -0.0410963 34.5984 0.0413889 0.0222811 0.998895 0.258283
0.0441247 -0.999024 -0.00181853 15.8857 0.9982 0.0441621 -0.0405717 35.4727 0.0406124 -2.50483e-05 0.999175 0.225658
0.0336113 -0.999434 -0.001199 15.9024 0.99447 0.0335637 -0.0995177 36.2281 0.0995017 0.00215256 0.995035 0.249454
0.0420902 -0.999002 0.0149779 15.8803 0.998378 0.0414793 -0.038993 37.0617 0.0383328 0.0165948 0.999127 0.227845
0.0348608 -0.999125 0.0231058 15.8909 0.997045 0.0331862 -0.069275 37.7912 0.0684476 0.0254525 0.99733 0.216097
0.0546156 -0.998392 0.0152032 15.904 0.990203 0.0521955 -0.129511 38.4373 0.128509 0.0221276 0.991461 0.292649
0.124313 -0.992191 0.010124 15.9169 0.988204 0.122881 -0.0913994 39.0538 0.0894417 0.0213666 0.995763 0.268148
0.0660996 -0.997628 0.0191947 15.942 0.9964 0.0649702 -0.0544669 39.5742 0.0530906 0.0227258 0.998331 0.257245
0.134935 -0.990819 -0.00840244 16.0187 0.989326 0.135192 -0.0543824 40.2482 0.0550191 -0.00097468 0.998485 0.171251
0.167341 -0.985863 0.00841734 16.0345 0.980871 0.16562 -0.102285 40.8079 0.0994454 0.0253729 0.994719 0.239758
0.150956 -0.988259 0.0235988 16.1445 0.981638 0.147043 -0.121511 41.3658 0.116614 0.0415083 0.99231 0.309237
0.280044 -0.95906 0.0421842 16.2381 0.950693 0.270964 -0.150869 41.6645 0.133262 0.0823543 0.987653 0.285129
0.38559 -0.922665 0.00327903 16.2985 0.91976 0.384089 -0.0807246 42.003 0.0732223 0.0341425 0.996731 0.357071
0.341983 -0.939701 0.00309245 16.387 0.938826 0.341518 -0.044389 42.7284 0.0406562 0.0180835 0.99901 0.216381
0.308961 -0.951002 -0.0117724 16.4833 0.947811 0.308901 -0.0789613 43.2239 0.0787289 0.013238 0.996808 0.219449
0.365794 -0.930478 -0.0201471 16.6153 0.921144 0.365048 -0.135036 43.8286 0.133002 0.0308368 0.990636 0.24732
0.289782 -0.957059 -0.00800087 16.7357 0.952228 0.289141 -0.0982814 44.4025 0.0963745 0.0208616 0.995127 0.284254
0.276357 -0.961055 0.000597016 16.849 0.953421 0.274083 -0.125963 45.2413 0.120894 0.0353799 0.992035 0.316303
0.106388 -0.99423 0.0137405 16.864 0.989688 0.104549 -0.0979116 45.6805 0.09591 0.0240155 0.9951 0.268786
0.0814693 -0.996604 0.0119907 16.898 0.99662 0.081332 -0.0115274 46.257 0.010513 0.0128893 0.999862 0.234705
0.071291 -0.997425 -0.00774712 16.8963 0.992443 0.0717083 -0.0995781 46.9715 0.0998772 -0.00058955 0.995 0.259219
0.0806561 -0.996409 0.0257771 16.8889 0.988523 0.07665 -0.13018 47.5707 0.127737 0.035981 0.991155 0.294152
0.161443 -0.986753 0.0159562 16.9082 0.985757 0.160466 -0.0503369 47.8308 0.0471097 0.0238554 0.998605 0.291119
0.222645 -0.974861 0.0086767 16.9102 0.96162 0.21814 -0.166437 48.3682 0.16036 0.0454 0.986014 0.307955
0.259951 -0.965615 0.00369726 16.9551 0.950966 0.255339 -0.174543 48.8441 0.167597 0.0488886 0.984643 0.350898
0.393268 -0.919418 -0.00314411 17.0317 0.912914 0.390888 -0.117454 49.0644 0.109219 0.0433207 0.993073 0.290225
0.560492 -0.828158 0.00142104 17.1386 0.824492 0.557848 -0.0949717 49.2818 0.0778589 0.0544025 0.995479 0.332375
0.658493 -0.750641 -0.0540828 17.2576 0.739206 0.658604 -0.140764 49.507 0.141282 0.0527138 0.988565 0.386184
0.728393 -0.682851 -0.0561916 17.4143 0.67802 0.730184 -0.0843866 49.7585 0.0986537 0.0233677 0.994847 0.365168
0.818094 -0.567795 -0.0912738 17.6479 0.564059 0.823168 -0.0650543 50.1132 0.112071 0.00173674 0.993699 0.30173
0.843865 -0.533065 -0.0610978 17.8268 0.51862 0.839548 -0.161842 50.4074 0.137567 0.104887 0.984923 0.29737
0.934294 -0.347677 -0.078835 17.9033 0.335202 0.932015 -0.137794 50.4494 0.121383 0.102314 0.987319 0.302069
0.976308 -0.193225 -0.0973947 17.9103 0.180898 0.975828 -0.12262 50.4306 0.118734 0.102096 0.987663 0.368522
0.988464 0.0127414 -0.150922 17.9115 -0.0243794 0.996847 -0.0755153 50.4096 0.149484 0.0783235 0.985657 0.361952
0.958678 0.251741 -0.132526 17.9545 -0.257369 0.965938 -0.0269247 50.4098 0.121234 0.0599203 0.990814 0.284385
0.880987 0.459399 -0.113202 18.0079 -0.463062 0.886299 -0.00694818 50.4016 0.0971391 0.0585409 0.993548 0.285816
0.769456 0.633004 -0.0851087 18.008 -0.634877 0.772587 0.00635934 50.3703 0.0697794 0.0491403 0.996351 0.309993
0.644627 0.760895 -0.0741339 18.0126 -0.760984 0.647926 0.0330889 50.3448 0.0732104 0.0350847 0.996699 0.333922
0.520325 0.852076 -0.0568272 17.9834 -0.850843 0.522959 0.0507864 50.3017 0.0729922 0.0219256 0.997091 0.315361
0.28751 0.957395 -0.0270753 17.9137 -0.956993 0.288304 0.032348 50.2242 0.0387757 0.0166105 0.99911 0.278356
0.154029 0.987928 -0.0165339 17.8299 -0.987996 0.154196 0.0093458 50.1954 0.0117824 0.0148959 0.99982 0.250333
0.0304434 0.999243 -0.024235 17.754 -0.998408 0.0315518 0.046748 50.1224 0.0474773 0.0227732 0.998613 0.319621
-0.0612243 0.997968 -0.0176544 17.7477 -0.998122 -0.061247 -0.000748719 49.8733 -0.00182848 0.0175754 0.999844 0.242085
-0.0975956 0.995078 -0.0171919 17.7671 -0.994564 -0.0968863 0.0381429 49.8479 0.0362895 0.020821 0.999124 0.262298
-0.033461 0.998833 -0.0348272 17.6841 -0.999317 -0.0328894 0.0168561 49.816 0.015691 0.0353675 0.999251 0.266339
-0.0180009 0.998964 -0.041794 17.721 -0.99962 -0.0188541 -0.0201116 49.378 -0.0208787 0.0414161 0.998924 0.173305
-0.00588785 0.999743 -0.0218849 17.688 -0.999885 -0.00558004 0.0140994 48.5095 0.0139737 0.0219654 0.999661 0.268528
-0.0194461 0.999744 -0.0115253 17.6552 -0.998869 -0.0189263 0.0436113 47.8807 0.043382 0.0123603 0.998982 0.26272
-0.0178133 0.999119 -0.0380025 17.6232 -0.995086 -0.014013 0.0980208 47.1994 0.0974019 0.0395618 0.994459 0.251388
0.0382344 0.997994 -0.0504545 17.6226 -0.99504 0.0426642 0.0898611 46.6216 0.0918335 0.0467684 0.994675 0.245987
-0.0330598 0.999081 -0.0272937 17.6056 -0.997914 -0.0314816 0.0563548 46.1216 0.0554437 0.0290999 0.998038 0.278321
0.0295501 0.9982 -0.0521899 17.5625 -0.997631 0.0326977 0.0605254 45.387 0.0621229 0.0502777 0.996801 0.254845
-0.0495614 0.998394 -0.0274246 17.5288 -0.998073 -0.0484816 0.0387277 44.5701 0.0373359 0.0292911 0.998873 0.288338
-0.0265527 0.998842 -0.0401252 17.4547 -0.997899 -0.024112 0.0601333 43.7997 0.0590962 0.0416376 0.997384 0.19215
-0.0372353 0.998611 -0.0372693 17.4229 -0.996618 -0.0343755 0.0746359 43.1385 0.0732511 0.0399223 0.996514 0.223687
-0.0795158 0.996433 -0.028266 17.3959 -0.992148 -0.076364 0.0990535 42.5555 0.0965417 0.0359204 0.994681 0.217918
-0.00882173 0.998428 -0.0553479 17.3806 -0.999092 -0.00649282 0.0421174 42.0727 0.0416918 0.0556691 0.997578 0.303247
-0.0682326 0.99761 0.0108575 17.3364 -0.997046 -0.0685707 0.0346151 41.4329 0.0352768 -0.0084635 0.999342 0.223631
-0.0640463 0.997156 -0.0397286 17.2473 -0.994954 -0.0607229 0.0798651 40.6713 0.0772255 0.0446432 0.996014 0.246273
-0.0106895 0.999303 -0.0357591 17.2288 -0.997401 -0.00810714 0.0715971 40.1822 0.0712574 0.0364315 0.996792 0.250378
-0.0832992 0.996493 -0.00792599 17.1749 -0.996481 -0.0832181 0.0100628 39.6804 0.00936792 0.00873632 0.999918 0.262079
-0.0176677 0.999292 -0.0332278 17.1084 -0.99897 -0.016253 0.042373 38.9315 0.0418029 0.0339422 0.998549 0.218248
0.00182398 0.999736 -0.0229128 17.1006 -0.997161 0.00354327 0.075221 38.2537 0.0752823 0.0227106 0.996904 0.217909
-0.027627 0.999413 -0.0202585 17.0935 -0.997333 -0.0261885 0.0681303 37.722 0.0675597 0.0220867 0.997471 0.202677
0.0301118 0.99677 -0.074451 17.091 -0.998656 0.0331442 0.0398358 37.2207 0.0421747 0.0731514 0.996429 0.211283
0.0110126 0.999478 -0.0303694 17.0744 -0.997982 0.0128853 0.0621737 36.5919 0.0625326 0.0296234 0.997603 0.256461
-0.00402082 0.999272 -0.0379469 17.0312 -0.991239 0.00102719 0.13208 35.8482 0.132023 0.0381455 0.990512 0.223458
0.0114362 0.999156 -0.0394431 17.0597 -0.991875 0.0163335 0.126167 35.1991 0.126704 0.0376797 0.991225 0.252731
-0.0686057 0.997637 -0.00361813 16.97 -0.994451 -0.0680957 0.0801941 34.4112 0.0797582 0.00909981 0.996773 0.236457
-0.0522263 0.998507 0.0160013 16.9103 -0.997311 -0.0529752 0.0506336 33.3956 0.0514056 -0.0133138 0.998589 0.24939
-0.0512546 0.998628 0.0107287 16.8638 -0.997124 -0.051772 0.0553502 32.6261 0.0558297 -0.00786092 0.998409 0.197708
-0.0621286 0.997909 0.017816 16.7988 -0.994989 -0.0633282 0.077372 31.8367 0.0783385 -0.0129198 0.996843 0.260215
-0.111777 0.993629 0.0143985 16.726 -0.991553 -0.112479 0.0645896 31.2178 0.0657976 -0.00705719 0.997808 0.207024
-0.0437927 0.998992 -0.00982641 16.7217 -0.999002 -0.0437021 0.00924674 30.6863 0.00880799 0.0102215 0.999909 0.137184
-0.0331655 0.999448 0.00175775 16.7273 -0.992999 -0.0331508 0.113375 30.2761 0.11337 0.00201468 0.993551 0.314062
-0.0989071 0.995055 0.00910373 16.6596 -0.989564 -0.0993164 0.104401 29.4775 0.104789 0.00131726 0.994494 0.205862
-0.00853077 0.999874 -0.0133649 16.6724 -0.995514 -0.00723254 0.0943418 28.7694 0.0942332 0.0141097 0.99545 0.246637
-0.053529 0.998558 -0.00408572 16.6238 -0.992118 -0.0527187 0.113676 27.8321 0.113297 0.0101385 0.993509 0.172059
0.0117536 0.998376 -0.0557514 16.6001 -0.999394 0.013556 0.0320635 27.3272 0.0327672 0.0553407 0.99793 0.248156
-0.00367186 0.999992 -0.00183447 16.588 -0.994977 -0.00346993 0.10004 26.8681 0.100033 0.00219259 0.994982 0.254583
-0.0590549 0.998245 0.00436553 16.5545 -0.995744 -0.0592157 0.0706276 26.4807 0.0707621 -0.000176051 0.997493 0.207472
-0.0220781 0.99921 -0.0330535 16.5051 -0.997656 -0.0198777 0.0654799 25.8872 0.0647711 0.0344217 0.997306 0.216092
-0.0272248 0.999311 -0.0252081 16.4892 -0.99171 -0.0238326 0.126266 25.2189 0.125579 0.0284367 0.991676 0.192972
-0.0478364 0.998848 -0.00372302 16.4587 -0.993279 -0.0471757 0.105697 24.6551 0.1054 0.00875417 0.994391 0.248098
-0.00295036 0.999736 -0.0227736 16.422 -0.998697 -0.00178552 0.0510007 23.9445 0.0509465 0.0228944 0.998439 0.272464
-0.0463635 0.998925 -9.25907e-05 16.3899 -0.998923 -0.0463633 0.0016115 23.3258 0.00160547 0.000167206 0.999999 0.231779
-0.059765 0.997922 0.0240644 16.3357 -0.992799 -0.0619309 0.102541 22.6771 0.103818 -0.0177628 0.994438 0.18943
-0.024802 0.999663 -0.00767808 16.3206 -0.996838 -0.0241505 0.0757035 22.1332 0.0754925 0.0095314 0.997101 0.2756
-0.0505595 0.998648 -0.0120766 16.2732 -0.997437 -0.0498777 0.0513057 21.4106 0.0506339 0.0146396 0.99861 0.233119
0.0237436 0.998886 -0.0407818 16.259 -0.999403 0.0247406 0.0241193 20.8702 0.0251014 0.0401848 0.998877 0.215957
0.0329581 0.999337 -0.0154536 16.2196 -0.994608 0.0343155 0.0978618 20.2102 0.0983273 0.0121449 0.99508 0.240072
-0.00998841 0.99986 -0.0134353 16.1431 -0.99485 -0.00858134 0.10099 19.4228 0.100861 0.0143749 0.994797 0.205387
0.06213 0.997818 -0.0223372 16.1019 -0.996006 0.0634241 0.0628485 18.7615 0.0641281 0.0183432 0.997773 0.227402
0.00101395 0.999999 -0.00133091 16.0359 -0.995027 0.00114146 0.0995941 17.9007 0.0995955 0.00122331 0.995027 0.222856
